image_path: "tiles"
image_width: 1000
image_height: 1000
tile_size: 1000

datum: "wgs84"
projection: "utm"

tiepoints:
- point: [0,0 ,      387304.82386743545, 5822591.650868726]
- point: [574, 718,  387353.6521101936, 5822527.6940708365]
- point: [135,235,   387315.95388440706, 5822570.898269689]
